20.68
20.23
25.11
19.35
27.59
18.82
19.56
22.99
31.98
22.94
27.02
14.46
26.32
25.21
23.65
27.56
26.62
26.34
25.71
24.71
24.25
21.80
21.21
21.25
17.83
11.77
26.11
23.09
23.14
27.11
25.14
22.17
11.52
26.82
20.39
25.97
21.03
21.25
21.91
28.85
26.97
24.60
27.63
27.73
26.61
19.91
28.93
27.16
27.03
25.81
32.29
25.40
23.62
22.86
28.53
23.41
26.60
17.16
27.03
14.75
21.35
21.59
21.26
37.92
20.88
24.20
28.00
24.37
21.85
27.25
24.09
27.34
24.92
21.63
22.71
25.40
10.88
22.02
18.33
23.40
23.14
21.64
29.14
24.76
18.98
26.49
20.78
26.18
27.30
24.60
26.14
17.36
21.10
26.16
20.05
26.24
19.98
23.65
27.47
23.12
25.79
24.42
16.84
24.58
25.23
16.01
27.51
23.11
30.48
27.94
22.76
24.93
28.25
29.07
29.35
27.98
21.88
26.63
28.60
31.13
29.05
21.85
26.40
24.92
30.23
27.92
21.14
22.64
25.28
28.71
22.65
29.79
21.72
29.28
29.48
28.50
26.59
29.62
22.44
27.55
28.32
24.12
25.29
20.93
28.91
21.72
20.96
19.12
20.69
29.77
26.02
14.87
27.49
26.03
26.27
27.52
24.95
18.03
17.53
24.71
25.74
23.32
20.08
28.87
22.90
21.25
28.36
19.17
28.81
19.61
23.36
27.09
22.57
22.22
24.54
23.40
28.20
25.35
19.07
28.08
29.39
27.56
29.23
26.88
21.93
30.20
22.33
24.80
25.97
24.82
24.64
23.45
27.71
16.73
26.04
24.49
21.95
20.65
27.79
20.98
28.99
22.10
21.60
24.00
24.45
20.24
20.22
26.68
17.52
16.27
21.42
26.45
22.63
28.17
21.79
29.73
23.23
29.51
24.40
26.50
27.80
28.49
21.98
28.78
27.09
22.29
26.46
17.72
19.60
30.01
30.97
28.61
24.46
27.77
22.68
23.48
24.78
25.15
25.76
25.64
26.09
23.50
28.32
27.03
19.00
20.68
24.51
21.89
21.41
32.96
29.17
26.33
27.13
21.26
18.88
25.98
22.31
30.76
20.16
25.93
10.61
24.65
21.00
28.39
24.87
19.15
26.19
23.15
21.30
12.49
25.29
30.88
27.31
25.30
25.62
23.18
27.18
26.78
23.89
27.79
33.45
22.45
28.15
29.21
20.05
27.62
22.58
24.08
21.80
25.59
23.63
19.60
23.51
26.07
21.93
28.62
27.75
26.83
26.02
27.25
27.31
22.42
23.62
26.30
23.37
29.64
26.40
20.60
27.52
29.56
23.88
29.46
18.73
30.25
24.67
23.80
25.08
19.25
27.61
22.17
25.37
28.31
29.62
29.55
20.84
27.85
19.62
23.47
26.01
28.26
25.35
20.21
31.64
18.65
21.34
24.38
26.64
21.06
19.68
29.78
27.34
34.29
24.11
23.55
16.99
26.11
26.29
26.92
12.84
25.30
26.70
21.90
24.84
21.82
23.73
24.97
25.01
26.00
24.61
27.99
26.24
24.11
27.47
21.51
21.99
25.54
21.95
21.29
26.75
26.22
25.95
21.95
22.48
19.95
21.55
22.83
19.38
23.38
29.88
22.98
23.69
24.92
25.63
19.64
21.86
20.19
18.46
20.49
20.71
24.80
23.13
21.18
27.94
12.97
25.23
26.82
23.71
25.04
25.57
24.44
30.13
22.87
23.07
27.12
26.50
21.37
31.53
18.89
23.48
21.80
26.31
31.90
22.58
22.73
23.26
28.38
16.05
22.84
20.41
23.32
24.78
26.81
15.36
23.19
22.39
23.66
29.64
24.68
28.10
20.78
23.69
27.72
24.59
24.33
30.55
21.46
23.65
23.03
26.11
25.57
20.00
29.30
23.91
28.86
25.50
21.35
23.31
16.72
27.63
22.71
22.74
20.25
19.10
29.91
13.62
29.61
31.53
23.50
20.77
23.81
23.03
28.62
26.57
23.69
27.36
22.15
26.52
24.86
24.54
29.16
24.30
25.12
22.89
25.80
23.95
21.63
24.94
23.21
26.65
29.83
25.32
25.01
27.97
24.75
20.40
26.48
21.84
29.04
26.00
30.59
24.33
28.11
31.10
25.39
22.80
23.08
28.61
27.45
22.60
31.37
26.83
26.81
27.72
25.33
25.80
16.50
29.88
24.89
28.67
25.97
19.08
28.31
23.17
24.57
21.24
18.24
27.70
20.51
19.49
27.10
28.60
25.37
32.74
26.59
27.68
28.68
26.59
28.89
23.30
27.17
30.24
27.87
25.42
28.87
21.88
25.35
19.67
25.67
24.85
28.10
24.99
29.90
28.45
24.62
22.27
28.45
23.46
15.54
17.61
26.33
20.95
25.17
27.57
20.96
20.12
26.90
25.90
24.21
31.45
28.20
25.53
26.18
27.87
25.85
23.99
30.56
21.67
23.87
19.33
25.46
22.33
25.91
29.11
21.72
27.11
29.96
27.54
22.12
27.12
26.01
27.67
28.24
11.98
25.83
27.34
23.22
28.94
25.12
27.02
22.59
20.17
22.05
23.74
22.94
24.58
26.95
21.68
20.99
29.42
21.05
30.19
17.75
29.18
23.97
17.47
21.45
28.80
23.94
25.90
31.49
26.69
22.98
23.09
27.22
26.40
25.46
18.93
22.59
21.31
19.22
28.75
27.81
25.79
18.40
26.08
32.22
23.73
26.40
20.14
28.10
24.61
26.36
27.21
22.51
28.90
24.72
24.14
26.03
30.51
27.15
29.23
15.68
17.42
24.58
23.84
17.13
26.98
24.64
25.94
24.07
27.83
21.28
33.99
30.45
33.49
25.91
24.39
23.52
27.38
30.91
24.89
24.07
26.57
24.98
25.31
31.53
22.70
19.25
25.68
14.47
25.92
28.38
24.43
30.99
25.69
16.41
26.59
25.53
27.33
24.41
31.46
26.44
24.66
23.87
19.06
24.71
22.56
26.64
21.96
25.58
26.60
26.18
26.57
28.56
21.61
25.00
29.01
26.54
24.64
30.86
32.77
28.03
24.39
29.87
24.92
26.77
26.36
26.76
27.45
26.82
26.15
25.56
20.30
23.58
18.56
25.15
31.39
25.48
19.48
21.48
22.83
20.70
18.91
18.59
30.43
32.53
19.01
31.95
23.40
17.68
22.60
24.02
22.76
24.14
21.37
25.67
24.98
28.69
26.01
29.64
28.66
23.18
23.42
22.84
24.78
23.18
24.12
14.10
23.07
28.51
28.63
23.74
31.27
31.13
27.55
27.87
22.54
20.57
22.90
25.56
23.34
25.58
18.32
16.62
26.05
31.45
23.81
18.70
23.40
23.29
26.30
24.27
29.09
24.37
24.40
25.46
24.58
24.04
22.33
19.78
14.62
26.81
19.23
20.96
25.76
29.39
27.68
29.76
20.14
25.52
23.68
25.57
21.43
30.73
24.57
24.94
20.64
22.24
28.51
24.20
24.87
20.83
23.56
26.10
29.41
21.93
27.75
22.35
22.60
25.25
25.95
27.15
24.83
21.45
27.43
23.28
29.07
22.71
24.31
23.46
27.96
27.28
25.14
28.31
25.34
25.45
16.82
26.63
26.43
23.77
25.14
27.16
28.40
18.34
28.07
22.89
20.09
28.22
25.69
24.81
21.06
24.89
24.64
28.88
25.86
28.74
31.53
26.38
26.61
23.48
22.39
25.88
30.45
22.01
30.92
24.52
26.13
30.86
18.77
23.60
23.45
19.47
24.01
24.81
26.25
13.61
25.58
26.06
29.68
28.64
24.14
21.46
22.38
26.93
24.44
23.82
25.10
12.03
18.66
20.23
26.95
28.57
23.41
27.94
25.23
24.08
27.53
29.92
23.60
23.11
26.36
19.02
27.01
27.41
25.75
20.95
22.07
26.08
23.38
31.26
29.90
25.47
29.18
26.04
23.93
26.99
19.74
27.30
25.76
23.24
28.57
26.43
24.60
25.56
32.21
30.85
25.57
24.33
22.27
31.01
24.72
25.63
25.09
26.05
22.72
19.14
25.01
27.26
24.32
24.55
29.86
32.31
23.19
23.05
33.59
33.09
21.94
26.34
19.10
21.43
22.99
16.83
27.26
24.67
26.27
26.07
19.94
25.21
24.31
24.68
25.92
24.31
24.56
18.36
31.01
32.31
20.67
30.64
28.26
23.88
26.75
26.36
25.27
20.42
25.14
27.80
30.03
30.69
28.38
27.15
24.76
28.53
28.38
23.68
27.17
25.23
27.39
25.75
30.17
19.47
30.04
25.33
25.96
32.51
32.45
25.95
26.02
24.17
27.94
22.27
23.41
32.21
24.00
18.68
24.13
21.89
26.17
20.83
25.46
26.51
21.88
30.48
30.04
29.91
29.39
25.02
25.06
25.09
23.38
27.49
21.82
28.06
23.83
26.07
34.26
23.64
24.29
25.98
21.53
26.37
22.85
28.44
16.94
28.63
24.63
24.35
28.08
27.35
20.27
28.74
24.65
26.30
23.17
22.82
24.49
25.78
24.78
23.58
29.17
28.03
27.59
25.11
28.25
21.73
25.27
20.09
26.10
28.22
17.68
23.21
30.82
24.41
20.82
25.38
29.02
31.74
30.44
28.68
26.20
27.13
26.54
23.93
21.69
27.15
32.72
25.35
26.31
23.32
31.81
26.61
22.08
27.79
26.09
30.46
18.31
31.55
22.29
29.29
27.80
25.33
27.53
16.09
29.34
32.90
30.49
22.27
20.51
22.76
28.47
26.94
26.02
27.12
22.64
22.04
22.44
25.56
29.28
26.69
26.96
29.11
26.63
19.67
29.27
23.44
19.01
27.78
26.43
18.08
19.44
27.25
30.77
25.66
35.85
28.55
17.00
29.93
25.98
16.63
27.20
28.08
27.77
23.00
26.34
19.80
25.13
17.19
27.96
21.41
27.83
25.50
21.05
27.14
27.34
26.04
29.80
22.90
26.38
31.96
26.10
25.72
24.01
26.35
25.69
28.96
31.32
21.08
23.32
28.67
22.43
24.18
21.62
26.79
23.78
30.28
26.59
26.58
27.08
30.28
28.72
25.82
27.77
25.20
21.90
25.51
30.25
26.60
25.49
30.29
25.32
29.58
27.07
25.33
27.52
26.01
22.00
21.06
20.82
27.45
22.72
27.22
25.45
19.93
27.70
23.34
23.25
17.31
22.22
28.33
22.02
26.42
28.19
24.35
26.93
28.42
26.10
21.76
19.06
24.80
19.77
23.40
32.16
27.60
19.97
21.04
23.88
31.62
26.46
27.43
22.29
25.62
17.36
22.53
22.71
24.44
23.06
26.72
34.26
23.79
13.59
26.81
26.31
32.47
26.73
29.83
29.60
19.54
30.78
19.10
26.86
23.87
25.94
28.93
30.39
23.45
25.78
17.22
23.03
26.84
17.31
32.48
27.08
19.14
25.79
26.05
25.15
21.80
28.68
24.48
24.83
27.87
22.66
24.18
27.21
21.71
26.66
24.19
26.90
17.68
29.42
21.39
29.77
24.83
29.84
21.45
17.46
25.02
20.54
32.07
32.16
20.16
21.69
26.60
13.73
25.62
19.61
26.47
23.84
26.35
15.54
23.06
19.67
23.77
19.83
25.15
24.07
24.62
28.53
25.20
26.40
27.19
25.38
30.06
22.70
28.44
22.81
24.86
23.02
22.65
23.56
28.70
19.95
18.81
24.01
23.25
25.51
28.37
28.93
17.14
19.84
28.98
27.73
20.34
22.69
25.71
16.33
24.63
27.56
26.33
27.72
27.95
31.29
24.26
23.62
23.75
22.57
30.66
25.10
21.65
26.55
23.19
25.84
31.98
24.66
27.32
21.45
22.13
21.35
18.70
24.91
20.77
24.25
28.38
27.31
29.93
25.92
26.84
26.19
26.76
27.87
19.23
28.23
32.30
24.46
28.89
29.58
26.93
27.83
26.96
22.93
24.49
25.03
24.21
26.69
25.03
25.44
18.14
26.82
23.93
17.66
27.82
26.76
28.47
27.63
32.32
29.67
30.10
30.98
22.69
22.07
27.65
27.83
26.31
16.56
24.26
22.06
29.01
26.62
29.37
26.71
29.43
24.26
17.12
26.70
21.55
18.24
22.90
20.93
23.79
26.72
24.16
24.49
25.02
30.79
22.96
26.26
27.10
26.48
21.13
25.71
23.17
28.91
21.75
27.72
22.23
24.21
25.96
17.95
24.06
31.58
23.87
16.69
29.29
26.21
26.94
25.35
29.29
21.08
27.16
17.48
23.25
24.95
24.26
27.09
19.97
27.57
19.67
26.22
23.61
25.43
21.39
28.87
17.54
18.96
24.71
23.88
31.22
24.40
19.15
27.89
20.88
22.06
24.39
22.40
23.28
26.11
21.07
24.26
27.23
19.64
22.81
28.07
22.24
15.78
27.88
19.30
31.17
21.40
19.16
26.61
24.96
29.05
20.02
24.77
22.25
28.40
25.70
17.89
24.28
25.67
20.13
27.01
26.16
24.27
24.99
27.84
28.71
26.93
20.17
27.58
27.61
28.94
23.40
25.34
26.00
26.38
30.57
23.09
26.66
31.58
26.83
20.17
23.89
23.31
23.14
22.77
15.80
27.23
26.03
26.40
19.51
22.25
19.70
29.16
20.60
22.23
29.27
26.05
25.93
27.42
25.27
23.02
32.15
27.58
22.52
25.54
26.99
23.57
21.95
25.19
25.00
19.38
19.85
17.76
28.09
20.87
24.29
29.60
15.14
18.97
11.72
31.94
25.66
19.72
24.37
27.80
31.19
28.96
29.23
23.83
27.35
26.10
23.09
24.84
18.26
26.18
21.29
29.46
21.91
27.34
24.93
12.02
25.97
27.12
25.90
20.70
23.95
33.13
24.50
25.47
25.01
25.13
27.33
27.47
17.44
24.02
28.36
27.28
29.39
22.81
19.08
26.03
15.33
31.78
25.08
23.52
28.32
22.17
27.67
22.69
